0.13000003 -0.14999996 0.0 -0.014999955 0.0 0.0 0.0 0.0 0.0 0.0 0.0 0.0 0.0 0.0 0.0 0.0 0.44499984 0.0 -0.4449999 0.25500008 0.0 0.0 0.0 0.0 0.0 0.0 0.0 0.0 0.0 0.0 0.0 0.0050000576 -1.569999 0.19999999 1.4299996 0.0 0.0 0.0 0.0 0.0 0.0 0.0 0.0 0.0 0.0 
0.13000003 -0.74999994 -1.4950012 0.0 0.8500001 0.0 0.23499994 0.0 0.0 0.0 0.0 0.0 0.0 0.0 0.0 0.0 -0.51 0.019999962 1.06 -0.2350009 -0.8249994 0.17999999 -0.36999986 -0.27499998 -0.33499995 0.0 -0.28499997 0.0 0.0 0.0 0.0 -0.109999925 0.13499959 0.0 -2.1650012 0.0 -0.039999988 0.0 0.0 0.0 0.0 0.0 0.0 0.0 0.0 
0.23999986 -1.0400003 0.26999968 -0.8149998 -2.175 -0.070000015 0.2599999 -0.22499998 0.14500004 0.0 0.0 0.0 0.0 0.0 0.0 0.0050000064 0.5999998 0.5349995 -0.029999992 -1.5249995 -0.21500012 0.0 -0.08499995 -0.25500008 -0.27999988 0.0 0.21499996 0.0 0.0 0.0 0.0 -0.33999997 -2.099999 0.9249998 0.9550005 0.0 -0.16999957 0.04000005 0.15 0.0 0.0 0.0 0.0 0.0 0.0 
0.09999999 -0.6000001 -1.0550008 -0.050000016 -2.470001 0.0 0.24499996 0.0 0.0 0.0 0.0 0.0 0.0 0.0 0.0 0.06499997 0.0 -0.4999998 1.0350001 -0.034999758 -0.4549998 -0.08 -0.78999954 -0.21999998 -0.5449998 0.0 -0.28499997 0.0 0.0 0.0 0.0 -0.09499994 0.0 0.12500004 1.2199998 0.0 0.040000025 0.0 0.0 0.0 0.0 0.0 0.0 0.0 0.0 
0.24999999 -0.65999997 -0.5349999 -0.83500004 -1.6500047 0.0 0.2 -0.29499996 0.0 0.0 0.0 0.0 0.0 0.0 0.0 -0.004999985 0.48999992 -0.13500023 0.16000013 0.80000013 0.1700002 0.0 0.345 0.3900001 0.3099999 0.0 -0.24999999 0.0 0.0 0.0 0.11499992 -0.83500004 -1.5999991 0.44499993 0.35499993 0.0 -0.04 0.0 0.0 0.0 0.0 0.0 0.0 0.0 0.0 
0.21999997 0.0 -0.6749998 -0.89499956 -0.04499957 0.0 0.0 0.0 0.0 0.0 0.0 0.0 0.0 0.0 0.0 0.019999962 -0.59 0.2300002 0.0 0.17000061 0.0 0.0 0.0 0.0 0.0 0.0 0.0 0.0 0.0 0.0 9.313226E-9 0.21500002 -0.04499993 0.0 0.4399997 -0.30000004 0.0 0.070000045 0.3149999 -0.03999969 0.0 0.0 0.0 0.0 0.0 
0.32499993 -1.7549995 0.13500006 -1.3599992 -0.25000063 0.0 0.0 0.105000034 -0.2999999 0.9400007 -0.13499922 0.0 0.0 0.0 0.0 -0.029999916 0.57500076 -0.21499996 0.0 0.33499992 0.0 0.0 -0.5149998 -0.51499987 -0.10000002 -0.145 -0.15500003 0.0 0.0 0.0 -0.19500004 0.6099999 0.27000022 -0.12000042 0.0 0.0 0.0 0.06499999 0.0 -0.034999955 0.09 0.0 0.0 0.0 0.0 
0.32499993 0.0 -1.5999988 0.0 -0.25000063 0.0 0.0 0.105000034 -0.4599997 1.1800005 -0.13499922 -0.039999995 0.0 0.0 0.0 -0.029999916 0.05000001 0.10500013 0.42999992 0.33499992 0.0 0.13000003 -0.54999983 -0.31999972 -0.10000002 -0.145 -0.15500003 0.0 0.0 0.0 -0.19500004 0.0 0.43500075 0.47999993 -1.2849994 0.0 0.0 0.06499999 0.0 0.22500005 0.09 0.0 0.0 0.0 0.0 
0.27999994 0.0 0.0 0.0 0.0 0.0 0.0 0.105000034 -0.30499965 1.1800005 -0.13499922 0.0 0.0 0.0 0.0 -0.040000044 0.0 0.0 0.08499977 0.0 0.0 0.13000003 -0.54999983 -0.6199996 -0.10000002 -0.145 0.08999999 0.0 0.0 0.0 0.20000008 0.0 0.0 -1.1549996 0.0 0.0 0.0 0.06499999 -0.03499999 0.31999993 0.09 0.0 0.0 0.0 0.0 
0.19999996 -0.72999984 -0.34499976 -0.8149996 -0.26000005 0.0 0.0 0.0 0.0 0.0 0.0 0.0 0.0 0.0 0.0 -0.03000005 -0.49499995 -0.2550002 0.63499975 0.18499985 0.0 0.0 0.0 0.0 0.0 0.0 0.08999999 0.0 0.0 0.0 0.02 -0.18000002 -0.39000067 0.195 0.39999977 -0.17000002 0.0 0.0 0.21999998 0.0 0.0 0.0 0.0 0.0 0.0 
0.18499999 -0.5649989 -1.6849993 -0.5849998 -0.29999918 -0.19999997 0.50500005 0.0 0.0 0.0 0.0 0.07 0.0 0.0 0.0 0.23999996 -0.15499991 0.035000034 0.0 0.0 0.51999974 0.17000009 0.0 0.5749998 0.0 0.0 -0.17499998 0.0 0.0 0.0 -0.13 0.005000011 0.0 0.0 0.0 0.0 0.0 0.0 0.0 0.0 0.0 0.0 0.0 0.0 0.0 
0.30999994 0.0 0.0 4.8428774E-8 0.0 -0.014999909 0.62499976 0.0 0.0 0.0 -0.04999999 0.0 0.0 0.0 0.0 -0.09499995 -0.22000064 0.00500011 0.21499999 0.0 1.6100001 -0.020000018 0.0 0.0 0.0 0.6949997 0.0 0.0 0.0 0.0 -0.235 -0.655 0.76999944 0.4799999 -1.5749995 -0.21999997 0.0 0.0 0.0 0.0 0.0 0.0 0.0 0.0 0.0 
0.30999994 0.0 -0.85999954 0.24500015 0.0 -0.16000004 0.7149997 0.0 0.0 0.0 0.0 0.029999986 0.0 0.0 0.0 -0.09499995 -0.24500045 0.10999984 0.039999906 0.0 0.73499966 0.085 0.0 0.0 0.0 0.23000003 0.13000001 0.0 0.0 0.0 -0.235 1.0349998 0.0 0.155 -0.47499987 -0.16000004 0.0 0.0 0.0 0.0 0.0 0.0 0.0 0.0 0.0 
0.19000001 -2.7099936 0.10999995 -2.7899978 0.0 0.0 0.0 0.0 0.0 0.0 0.0 0.0 0.0 0.0 0.0 0.044999965 -0.020000055 -0.105000496 0.0 0.0 0.050000027 0.0 0.0 0.0 0.0 0.0 0.0 0.0 0.0 0.0 0.07999998 -0.4899997 0.32499954 0.28499985 -0.009999989 -0.28500015 0.0 0.0 0.28999996 0.0 0.0 0.0 0.0 0.0 0.0 
