14 10
24 10
36 12
49 15
58 19
69 22
79 24
87 26
97 29
103 29
108 31
111 31
112 31
113 31
115 31
116 31
117 31
119 31
122 31
129 33
140 35
149 37
161 39
175 39
183 42
188 42
194 43
195 43
196 44
196 45
196 47
196 50
196 52
190 54
184 57
180 61
171 65
165 69
158 75
150 80
142 86
133 91
125 95
115 97
104 103
94 106
86 110
75 115
68 118
63 120
61 123
59 124
58 127
54 130
54 131
51 132
50 133
49 134
47 135
47 137
46 137
46 138
46 139
45 139
46 140
50 141
55 144
63 146
69 148
75 150
79 151
82 151
84 151
85 151
87 151
88 151
90 152
92 153
102 155
119 157
138 163
161 165
176 167
188 168
197 168
201 168
204 168
200 168
197 168
192 168
187 168
180 168
173 168
165 168
160 168
155 168
151 167
148 167
147 166
145 166
143 163
140 161
136 158
130 154
126 150
122 148
118 144
113 141
109 136
107 135
106 133
104 132
104 131
104 130
104 129
104 128
104 126
106 123
106 120
107 117
109 115
111 111
115 108
119 104
121 102
123 99
128 97
130 94
135 90
140 87
144 86
147 84
152 83
160 81
166 79
172 77
175 77
178 77
179 77
180 77
178 77
174 77
169 80
161 80
156 82
147 86
140 87
136 88
131 90
128 91
126 91
125 91
122 93
